# LEF Technology file generated by TechBuilder version 3.7.0_pr1
# Metal Stack Option = 1P8M_2TM_ALPA2
#
#     Copyright (c) 2017 ARM, Inc.
#
#     ALL RIGHTS RESERVED
#
#     The confidential and proprietary information contained in this file
#     may only be used by a person authorised under and to the extent
#     permitted by a subsisting licensing agreement from ARM Limited.
#
#     This entire notice must be reproduced on all copies of this file
#     and copies of this file may only be made by a person if such person
#     is permitted to do so under the terms of a subsisting license
#     agreement from ARM Limited.

VERSION 5.7 ;
BUSBITCHARS "[]" ;
DIVIDERCHAR "/" ;
CLEARANCEMEASURE EUCLIDEAN ;

UNITS
  DATABASE MICRONS 2000 ;
END UNITS

MANUFACTURINGGRID 0.0010 ;
USEMINSPACING OBS OFF ;

PROPERTYDEFINITIONS
  LAYER LEF58_ENCLOSUREEDGE STRING ;
  LAYER LEF58_ARRAYSPACING STRING ;
  LAYER LEF58_ARRAYSPACING STRING ; 
  LAYER LEF58_SPACING STRING ; 
END PROPERTYDEFINITIONS

LAYER GT
  TYPE MASTERSLICE ;
END GT

LAYER HVT
  TYPE IMPLANT ;
  SPACING 0.18 ;
  WIDTH 0.18 ;
END HVT

LAYER LVT
  TYPE IMPLANT ;
  SPACING 0.18 ;
  WIDTH 0.18 ;
END LVT

LAYER ULVT
  TYPE IMPLANT ;
  SPACING 0.33 ;
  WIDTH 0.33 ;
END ULVT

LAYER CT
  TYPE CUT ;
  SPACING 0.08 ;
  ENCLOSURE ABOVE 0.0 0.025 ;
  PROPERTY LEF58_ENCLOSUREEDGE "
  ENCLOSUREEDGE ABOVE 0.015 WIDTH 0.12 PARALLEL 0.27 WITHIN 0.081 EXCEPTEXTRACUT ;
  " ;
END CT

LAYER M1
  TYPE ROUTING ;
  DIRECTION VERTICAL ;
  PITCH 0.14 ;
  OFFSET 0.07 ;
  WIDTH 0.07 ;
  MINWIDTH 0.07 ;
  MAXWIDTH 4.5 ;
  AREA 0.0196 ;
  MINENCLOSEDAREA 0.2 ;
  MINSTEP 0.07 MAXEDGES 1 ;
  SPACINGTABLE TWOWIDTHS
    WIDTH 0.000        0.070 0.080 0.120 0.300
    WIDTH 0.224 PRL 0.299 0.080 0.080 0.140 0.300
    WIDTH 0.704 PRL 0.599 0.120 0.140 0.140 0.300
    WIDTH 1.504 PRL 1.499 0.300 0.300 0.300 0.300
    ;
  MINIMUMCUT 2 WIDTH 0.26 FROMABOVE ;
  MINIMUMCUT 3 WIDTH 0.52 FROMABOVE ;
  MINIMUMCUT 4 WIDTH 0.645 FROMABOVE ;
  MINIMUMCUT 2 WIDTH 0.24 WITHIN 0.16 FROMABOVE ;
  MINIMUMCUT 2 WIDTH 0.24 FROMABOVE LENGTH 0.24 WITHIN 1.1 ;
  MINIMUMCUT 2 WIDTH 1.4 FROMABOVE LENGTH 1.4 WITHIN 2.8 ;
  MINIMUMCUT 2 WIDTH 2.1 FROMABOVE LENGTH 7.0 WITHIN 7.1 ;
  ANTENNAMODEL OXIDE1 ;
  ANTENNACUMDIFFAREARATIO PWL (  ( 0.0 5000.0 ) ( 0.1 44050.0 ) ( 0.2 44100.0 ) ( 0.5 44250.0 ) ( 1.0 44500.0 ) ) ;
  DCCURRENTDENSITY AVERAGE 1.2 ;
  PROPERTY LEF58_SPACING "
SPACING .08 ENDOFLINE .09 WITHIN 0.02 PARALLELEDGE .081 WITHIN 0.1 MINLENGTH .07 TWOEDGES ; " ;
MINIMUMDENSITY      20 ;
    MAXIMUMDENSITY      80 ;
    DENSITYCHECKWINDOW 25 25 ;
    DENSITYCHECKSTEP    12.5 ;

END M1

LAYER V1
  TYPE CUT ;
  SPACING 0.07 SAMENET ;

  SPACING 0.1 PARALLELOVERLAP ;
  SPACING 0.09 ;
  PROPERTY LEF58_ARRAYSPACING "ARRAYSPACING  LONGARRAY CUTSPACING 0.09 ARRAYCUTS 3 SPACING 0.1 ;" ;
  ENCLOSURE  0.0 0.03 ;
  ENCLOSURE  0.02 0.01 ;
  ENCLOSURE  0.015 0.015 WIDTH 0.145 ;
  ANTENNAMODEL OXIDE1 ;
  ANTENNAAREARATIO 20.0 ;
  ANTENNACUMDIFFAREARATIO PWL (  ( 0.0 50.0 ) ( 0.1 1020.0 ) ( 0.2 1040.0 ) ( 0.5 1100.0 ) ( 1.0 1200.0 ) ) ;
  DCCURRENTDENSITY AVERAGE 0.07 ;
END V1

LAYER M2
  TYPE ROUTING ;
  DIRECTION HORIZONTAL ;
  PITCH 0.14 ;
  OFFSET 0.07 ;
  WIDTH 0.07 ;
  MINWIDTH 0.07 ;
  MAXWIDTH 4.5 ;
  AREA 0.0196 ;
  MINENCLOSEDAREA 0.2 ;
  MINSTEP 0.07 MAXEDGES 1 ;
  SPACINGTABLE TWOWIDTHS
    WIDTH 0.000        0.070 0.100 0.100 0.120 0.120 0.300
    WIDTH 0.219 PRL 0.299 0.100 0.100 0.100 0.120 0.120 0.300
    WIDTH 0.224 PRL 0.299 0.100 0.100 0.100 0.120 0.140 0.300
    WIDTH 0.699 PRL 0.599 0.120 0.120 0.120 0.120 0.140 0.300
    WIDTH 0.704 PRL 0.599 0.120 0.120 0.140 0.140 0.140 0.300
    WIDTH 1.504 PRL 1.504 0.300 0.300 0.300 0.300 0.300 0.300
    ;
  MINIMUMCUT 2 WIDTH 0.26 FROMBELOW ;
  MINIMUMCUT 3 WIDTH 0.52 FROMBELOW ;
  MINIMUMCUT 4 WIDTH 0.645 FROMBELOW ;
  MINIMUMCUT 2 WIDTH 0.24 WITHIN 0.16 FROMBELOW ;
  MINIMUMCUT 2 WIDTH 0.24 FROMBELOW LENGTH 0.24 WITHIN 1.1 ;
  MINIMUMCUT 2 WIDTH 1.4 FROMBELOW LENGTH 1.4 WITHIN 2.8 ;
  MINIMUMCUT 2 WIDTH 2.1 FROMBELOW LENGTH 7.0 WITHIN 7.1 ;
  MINIMUMCUT 2 WIDTH 0.26 FROMABOVE ;
  MINIMUMCUT 3 WIDTH 0.52 FROMABOVE ;
  MINIMUMCUT 4 WIDTH 0.645 FROMABOVE ;
  MINIMUMCUT 2 WIDTH 0.24 WITHIN 0.16 FROMABOVE ;
  MINIMUMCUT 2 WIDTH 0.24 FROMABOVE LENGTH 0.24 WITHIN 1.1 ;
  MINIMUMCUT 2 WIDTH 1.4 FROMABOVE LENGTH 1.4 WITHIN 2.8 ;
  MINIMUMCUT 2 WIDTH 2.1 FROMABOVE LENGTH 7.0 WITHIN 7.1 ;
  ANTENNAMODEL OXIDE1 ;
  ANTENNACUMDIFFAREARATIO PWL (  ( 0.0 5000.0 ) ( 0.1 44050.0 ) ( 0.2 44100.0 ) ( 0.5 44250.0 ) ( 1.0 44500.0 ) ) ;
  DCCURRENTDENSITY AVERAGE 1.3 ; 
  PROPERTY LEF58_SPACING "SPACING 0.12 ENDOFLINE 0.1 WITHIN 0.03 PARALLELEDGE 0.079 WITHIN 0.095  ENCLOSECUT BELOW 0.05 CUTSPACING 0.12 ;" ; 
  PROPERTY LEF58_SPACING "SPACING 0.1 ENDOFLINE 0.1 WITHIN 0.03 PARALLELEDGE 0.1 WITHIN 0.095 ;" ;
  PROPERTY LEF58_SPACING "SPACING 0.1 ENDOFLINE 0.1 WITHIN 0.03 ;" ;
MINIMUMDENSITY      20 ;
    MAXIMUMDENSITY      80 ;
    DENSITYCHECKWINDOW 25 25 ;
    DENSITYCHECKSTEP    12.5 ;

END M2

LAYER V2
  TYPE CUT ;
  SPACING 0.07 SAMENET ;
  SPACING 0.09 ;
  SPACING 0.1 PARALLELOVERLAP ;

  PROPERTY LEF58_ARRAYSPACING "ARRAYSPACING  LONGARRAY CUTSPACING 0.09 ARRAYCUTS 3 SPACING 0.1 ;" ;
  ENCLOSURE  0.0 0.03 ;
  ENCLOSURE  0.02 0.01 ;
  ENCLOSURE  0.015 0.015 WIDTH 0.145 ;
  ANTENNAMODEL OXIDE1 ;
  ANTENNAAREARATIO 20.0 ;
  ANTENNACUMDIFFAREARATIO PWL (  ( 0.0 50.0 ) ( 0.1 1020.0 ) ( 0.2 1040.0 ) ( 0.5 1100.0 ) ( 1.0 1200.0 ) ) ;
  DCCURRENTDENSITY AVERAGE 0.07 ;
END V2

LAYER M3
  TYPE ROUTING ;
  DIRECTION VERTICAL ;
  PITCH 0.14 ;
  OFFSET 0.07 ;
  WIDTH 0.07 ;
  MINWIDTH 0.07 ;
  MAXWIDTH 4.5 ;
  AREA 0.0196 ;
  MINENCLOSEDAREA 0.2 ;
  MINSTEP 0.07 MAXEDGES 1 ;
  SPACINGTABLE TWOWIDTHS
    WIDTH 0.000        0.070 0.100 0.100 0.120 0.120 0.300
    WIDTH 0.219 PRL 0.299 0.100 0.100 0.100 0.120 0.120 0.300
    WIDTH 0.224 PRL 0.299 0.100 0.100 0.100 0.120 0.140 0.300
    WIDTH 0.699 PRL 0.599 0.120 0.120 0.120 0.120 0.140 0.300
    WIDTH 0.704 PRL 0.599 0.120 0.120 0.140 0.140 0.140 0.300
    WIDTH 1.504 PRL 1.504 0.300 0.300 0.300 0.300 0.300 0.300
    ;
  MINIMUMCUT 2 WIDTH 0.26 FROMBELOW ;
  MINIMUMCUT 3 WIDTH 0.52 FROMBELOW ;
  MINIMUMCUT 4 WIDTH 0.645 FROMBELOW ;
  MINIMUMCUT 2 WIDTH 0.24 WITHIN 0.16 FROMBELOW ;
  MINIMUMCUT 2 WIDTH 0.24 FROMBELOW LENGTH 0.24 WITHIN 1.1 ;
  MINIMUMCUT 2 WIDTH 1.4 FROMBELOW LENGTH 1.4 WITHIN 2.8 ;
  MINIMUMCUT 2 WIDTH 2.1 FROMBELOW LENGTH 7.0 WITHIN 7.1 ;
  MINIMUMCUT 2 WIDTH 0.26 FROMABOVE ;
  MINIMUMCUT 3 WIDTH 0.52 FROMABOVE ;
  MINIMUMCUT 4 WIDTH 0.645 FROMABOVE ;
  MINIMUMCUT 2 WIDTH 0.24 WITHIN 0.16 FROMABOVE ;
  MINIMUMCUT 2 WIDTH 0.24 FROMABOVE LENGTH 0.24 WITHIN 1.1 ;
  MINIMUMCUT 2 WIDTH 1.4 FROMABOVE LENGTH 1.4 WITHIN 2.8 ;
  MINIMUMCUT 2 WIDTH 2.1 FROMABOVE LENGTH 7.0 WITHIN 7.1 ;
  ANTENNAMODEL OXIDE1 ;
  ANTENNACUMDIFFAREARATIO PWL (  ( 0.0 5000.0 ) ( 0.1 44050.0 ) ( 0.2 44100.0 ) ( 0.5 44250.0 ) ( 1.0 44500.0 ) ) ;
  DCCURRENTDENSITY AVERAGE 1.3 ; 
  PROPERTY LEF58_SPACING "SPACING 0.12 ENDOFLINE 0.1 WITHIN 0.03 PARALLELEDGE 0.079 WITHIN 0.095  ENCLOSECUT BELOW 0.05 CUTSPACING 0.12 ;" ; 
  PROPERTY LEF58_SPACING "SPACING 0.1 ENDOFLINE 0.1 WITHIN 0.03 PARALLELEDGE 0.1 WITHIN 0.095 ;" ;
  PROPERTY LEF58_SPACING "SPACING 0.1 ENDOFLINE 0.1 WITHIN 0.03 ;" ;
MINIMUMDENSITY      20 ;
    MAXIMUMDENSITY      80 ;
    DENSITYCHECKWINDOW 25 25 ;
    DENSITYCHECKSTEP    12.5 ;

END M3

LAYER V3
  TYPE CUT ;
  SPACING 0.07 SAMENET ;
  SPACING 0.09 ;
  SPACING 0.1 PARALLELOVERLAP ;

  PROPERTY LEF58_ARRAYSPACING "ARRAYSPACING  LONGARRAY CUTSPACING 0.09 ARRAYCUTS 3 SPACING 0.1 ;" ;
  ENCLOSURE  0.0 0.03 ;
  ENCLOSURE  0.02 0.01 ;
  ENCLOSURE  0.015 0.015 WIDTH 0.145 ;
  ANTENNAMODEL OXIDE1 ;
  ANTENNAAREARATIO 20.0 ;
  ANTENNACUMDIFFAREARATIO PWL (  ( 0.0 50.0 ) ( 0.1 1020.0 ) ( 0.2 1040.0 ) ( 0.5 1100.0 ) ( 1.0 1200.0 ) ) ;
  DCCURRENTDENSITY AVERAGE 0.07 ;
END V3

LAYER M4
  TYPE ROUTING ;
  DIRECTION HORIZONTAL ;
  PITCH 0.14 ;
  OFFSET 0.07 ;
  WIDTH 0.07 ;
  MINWIDTH 0.07 ;
  MAXWIDTH 4.5 ;
  AREA 0.0196 ;
  MINENCLOSEDAREA 0.2 ;
  MINSTEP 0.07 MAXEDGES 1 ;
  SPACINGTABLE TWOWIDTHS
    WIDTH 0.000        0.070 0.100 0.100 0.120 0.120 0.300
    WIDTH 0.219 PRL 0.299 0.100 0.100 0.100 0.120 0.120 0.300
    WIDTH 0.224 PRL 0.299 0.100 0.100 0.100 0.120 0.140 0.300
    WIDTH 0.699 PRL 0.599 0.120 0.120 0.120 0.120 0.140 0.300
    WIDTH 0.704 PRL 0.599 0.120 0.120 0.140 0.140 0.140 0.300
    WIDTH 1.504 PRL 1.504 0.300 0.300 0.300 0.300 0.300 0.300
    ;
  MINIMUMCUT 2 WIDTH 0.26 FROMBELOW ;
  MINIMUMCUT 3 WIDTH 0.52 FROMBELOW ;
  MINIMUMCUT 4 WIDTH 0.645 FROMBELOW ;
  MINIMUMCUT 2 WIDTH 0.24 WITHIN 0.16 FROMBELOW ;
  MINIMUMCUT 2 WIDTH 0.24 FROMBELOW LENGTH 0.24 WITHIN 1.1 ;
  MINIMUMCUT 2 WIDTH 1.4 FROMBELOW LENGTH 1.4 WITHIN 2.8 ;
  MINIMUMCUT 2 WIDTH 2.1 FROMBELOW LENGTH 7.0 WITHIN 7.1 ;
  MINIMUMCUT 2 WIDTH 0.26 FROMABOVE ;
  MINIMUMCUT 3 WIDTH 0.52 FROMABOVE ;
  MINIMUMCUT 4 WIDTH 0.645 FROMABOVE ;
  MINIMUMCUT 2 WIDTH 0.24 WITHIN 0.16 FROMABOVE ;
  MINIMUMCUT 2 WIDTH 0.24 FROMABOVE LENGTH 0.24 WITHIN 1.1 ;
  MINIMUMCUT 2 WIDTH 1.4 FROMABOVE LENGTH 1.4 WITHIN 2.8 ;
  MINIMUMCUT 2 WIDTH 2.1 FROMABOVE LENGTH 7.0 WITHIN 7.1 ;
  ANTENNAMODEL OXIDE1 ;
  ANTENNACUMDIFFAREARATIO PWL (  ( 0.0 5000.0 ) ( 0.1 44050.0 ) ( 0.2 44100.0 ) ( 0.5 44250.0 ) ( 1.0 44500.0 ) ) ;
  DCCURRENTDENSITY AVERAGE 1.3 ; 
  PROPERTY LEF58_SPACING "SPACING 0.12 ENDOFLINE 0.1 WITHIN 0.03 PARALLELEDGE 0.079 WITHIN 0.095  ENCLOSECUT BELOW 0.05 CUTSPACING 0.12 ;" ; 
  PROPERTY LEF58_SPACING "SPACING 0.1 ENDOFLINE 0.1 WITHIN 0.03 PARALLELEDGE 0.1 WITHIN 0.095 ;" ;
  PROPERTY LEF58_SPACING "SPACING 0.1 ENDOFLINE 0.1 WITHIN 0.03 ;" ;
MINIMUMDENSITY      20 ;
    MAXIMUMDENSITY      80 ;
    DENSITYCHECKWINDOW 25 25 ;
    DENSITYCHECKSTEP    12.5 ;

END M4

LAYER V4
  TYPE CUT ;
  SPACING 0.07 SAMENET ;
  SPACING 0.09 ;
  SPACING 0.1 PARALLELOVERLAP ;

  PROPERTY LEF58_ARRAYSPACING "ARRAYSPACING  LONGARRAY CUTSPACING 0.09 ARRAYCUTS 3 SPACING 0.1 ;" ;
  ENCLOSURE  0.0 0.03 ;
  ENCLOSURE  0.02 0.01 ;
  ENCLOSURE  0.015 0.015 WIDTH 0.145 ;
  ANTENNAMODEL OXIDE1 ;
  ANTENNAAREARATIO 20.0 ;
  ANTENNACUMDIFFAREARATIO PWL (  ( 0.0 50.0 ) ( 0.1 1020.0 ) ( 0.2 1040.0 ) ( 0.5 1100.0 ) ( 1.0 1200.0 ) ) ;
  DCCURRENTDENSITY AVERAGE 0.07 ;
END V4

LAYER M5
  TYPE ROUTING ;
  DIRECTION VERTICAL ;
  PITCH 0.14 ;
  OFFSET 0.07 ;
  WIDTH 0.07 ;
  MINWIDTH 0.07 ;
  MAXWIDTH 4.5 ;
  AREA 0.0196 ;
  MINENCLOSEDAREA 0.2 ;
  MINSTEP 0.07 MAXEDGES 1 ;
  SPACINGTABLE TWOWIDTHS
    WIDTH 0.000        0.070 0.100 0.100 0.120 0.120 0.300
    WIDTH 0.219 PRL 0.299 0.100 0.100 0.100 0.120 0.120 0.300
    WIDTH 0.224 PRL 0.299 0.100 0.100 0.100 0.120 0.140 0.300
    WIDTH 0.699 PRL 0.599 0.120 0.120 0.120 0.120 0.140 0.300
    WIDTH 0.704 PRL 0.599 0.120 0.120 0.140 0.140 0.140 0.300
    WIDTH 1.504 PRL 1.504 0.300 0.300 0.300 0.300 0.300 0.300
    ;
  MINIMUMCUT 2 WIDTH 0.26 FROMBELOW ;
  MINIMUMCUT 3 WIDTH 0.52 FROMBELOW ;
  MINIMUMCUT 4 WIDTH 0.645 FROMBELOW ;
  MINIMUMCUT 2 WIDTH 0.24 WITHIN 0.16 FROMBELOW ;
  MINIMUMCUT 2 WIDTH 0.24 FROMBELOW LENGTH 0.24 WITHIN 1.1 ;
  MINIMUMCUT 2 WIDTH 1.4 FROMBELOW LENGTH 1.4 WITHIN 2.8 ;
  MINIMUMCUT 2 WIDTH 2.1 FROMBELOW LENGTH 7.0 WITHIN 7.1 ;
  MINIMUMCUT 2 WIDTH 0.26 FROMABOVE ;
  MINIMUMCUT 3 WIDTH 0.52 FROMABOVE ;
  MINIMUMCUT 4 WIDTH 0.645 FROMABOVE ;
  MINIMUMCUT 2 WIDTH 0.24 WITHIN 0.16 FROMABOVE ;
  MINIMUMCUT 2 WIDTH 0.24 FROMABOVE LENGTH 0.24 WITHIN 1.1 ;
  MINIMUMCUT 2 WIDTH 1.4 FROMABOVE LENGTH 1.4 WITHIN 2.8 ;
  MINIMUMCUT 2 WIDTH 2.1 FROMABOVE LENGTH 7.0 WITHIN 7.1 ;
  ANTENNAMODEL OXIDE1 ;
  ANTENNACUMDIFFAREARATIO PWL (  ( 0.0 5000.0 ) ( 0.1 44050.0 ) ( 0.2 44100.0 ) ( 0.5 44250.0 ) ( 1.0 44500.0 ) ) ;
  DCCURRENTDENSITY AVERAGE 1.3 ; 
  PROPERTY LEF58_SPACING "SPACING 0.12 ENDOFLINE 0.1 WITHIN 0.03 PARALLELEDGE 0.079 WITHIN 0.095  ENCLOSECUT BELOW 0.05 CUTSPACING 0.12 ;" ; 
  PROPERTY LEF58_SPACING "SPACING 0.1 ENDOFLINE 0.1 WITHIN 0.03 PARALLELEDGE 0.1 WITHIN 0.095 ;" ;
  PROPERTY LEF58_SPACING "SPACING 0.1 ENDOFLINE 0.1 WITHIN 0.03 ;" ;
MINIMUMDENSITY      20 ;
    MAXIMUMDENSITY      80 ;
    DENSITYCHECKWINDOW 25 25 ;
    DENSITYCHECKSTEP    12.5 ;

END M5

LAYER V5
  TYPE CUT ;
  SPACING 0.07 SAMENET ;
  SPACING 0.09 ;
  SPACING 0.1 PARALLELOVERLAP ;

  PROPERTY LEF58_ARRAYSPACING "ARRAYSPACING  LONGARRAY CUTSPACING 0.09 ARRAYCUTS 3 SPACING 0.1 ;" ;
  ENCLOSURE  0.0 0.03 ;
  ENCLOSURE  0.02 0.01 ;
  ENCLOSURE  0.015 0.015 WIDTH 0.145 ;
  ANTENNAMODEL OXIDE1 ;
  ANTENNAAREARATIO 20.0 ;
  ANTENNACUMDIFFAREARATIO PWL (  ( 0.0 50.0 ) ( 0.1 1020.0 ) ( 0.2 1040.0 ) ( 0.5 1100.0 ) ( 1.0 1200.0 ) ) ;
  DCCURRENTDENSITY AVERAGE 0.07 ;
END V5

LAYER M6
  TYPE ROUTING ;
  DIRECTION HORIZONTAL ;
  PITCH 0.14 ;
  OFFSET 0.07 ;
  WIDTH 0.07 ;
  MINWIDTH 0.07 ;
  MAXWIDTH 4.5 ;
  AREA 0.0196 ;
  MINENCLOSEDAREA 0.2 ;
  MINSTEP 0.07 MAXEDGES 1 ;
  SPACINGTABLE TWOWIDTHS
    WIDTH 0.000        0.070 0.100 0.100 0.120 0.120 0.300
    WIDTH 0.219 PRL 0.299 0.100 0.100 0.100 0.120 0.120 0.300
    WIDTH 0.224 PRL 0.299 0.100 0.100 0.100 0.120 0.140 0.300
    WIDTH 0.699 PRL 0.599 0.120 0.120 0.120 0.120 0.140 0.300
    WIDTH 0.704 PRL 0.599 0.120 0.120 0.140 0.140 0.140 0.300
    WIDTH 1.504 PRL 1.504 0.300 0.300 0.300 0.300 0.300 0.300
    ;
  MINIMUMCUT 2 WIDTH 0.26 FROMBELOW ;
  MINIMUMCUT 3 WIDTH 0.52 FROMBELOW ;
  MINIMUMCUT 4 WIDTH 0.645 FROMBELOW ;
  MINIMUMCUT 2 WIDTH 0.24 WITHIN 0.16 FROMBELOW ;
  MINIMUMCUT 2 WIDTH 0.24 FROMBELOW LENGTH 0.24 WITHIN 1.1 ;
  MINIMUMCUT 2 WIDTH 1.4 FROMBELOW LENGTH 1.4 WITHIN 2.8 ;
  MINIMUMCUT 2 WIDTH 2.1 FROMBELOW LENGTH 7.0 WITHIN 7.1 ;
  MINIMUMCUT 2 WIDTH 1.8 FROMABOVE ;
  MINIMUMCUT 2 WIDTH 3.0 FROMABOVE LENGTH 10.0 WITHIN 5.0 ;
  ANTENNAMODEL OXIDE1 ;
  ANTENNACUMDIFFAREARATIO PWL (  ( 0.0 5000.0 ) ( 0.1 44050.0 ) ( 0.2 44100.0 ) ( 0.5 44250.0 ) ( 1.0 44500.0 ) ) ;
  DCCURRENTDENSITY AVERAGE 1.3 ; 
  PROPERTY LEF58_SPACING "SPACING 0.12 ENDOFLINE 0.1 WITHIN 0.03 PARALLELEDGE 0.079 WITHIN 0.095  ENCLOSECUT BELOW 0.05 CUTSPACING 0.12 ;" ; 
  PROPERTY LEF58_SPACING "SPACING 0.1 ENDOFLINE 0.1 WITHIN 0.03 PARALLELEDGE 0.1 WITHIN 0.095 ;" ;
  PROPERTY LEF58_SPACING "SPACING 0.1 ENDOFLINE 0.1 WITHIN 0.03 ;" ;
MINIMUMDENSITY      20 ;
    MAXIMUMDENSITY      80 ;
    DENSITYCHECKWINDOW 25 25 ;
    DENSITYCHECKSTEP    12.5 ;

END M6

LAYER TV1
  TYPE CUT ;
  SPACING 0.34 ;

  PROPERTY LEF58_ARRAYSPACING "ARRAYSPACING  LONGARRAY CUTSPACING 0.5 ARRAYCUTS 3 SPACING 0.56 ;" ;
  ENCLOSURE BELOW 0.01 0.05 ;
  ENCLOSURE ABOVE 0.02 0.03 ;
  ANTENNAMODEL OXIDE1 ;
  ANTENNAAREARATIO 20.0 ;
  ANTENNACUMDIFFAREARATIO PWL (  ( 0.0 50.0 ) ( 0.1 1020.0 ) ( 0.2 1040.0 ) ( 0.5 1100.0 ) ( 1.0 1200.0 ) ) ;
  DCCURRENTDENSITY AVERAGE 3.0 ;
END TV1

LAYER TM1
  TYPE ROUTING ;
  DIRECTION VERTICAL ;
  PITCH 0.84 ;
  OFFSET 0.42 ;
  WIDTH 0.4 ;
  MINWIDTH 0.4 ;
  MAXWIDTH 12.0 ;
  AREA 0.56 ;
  MINENCLOSEDAREA 0.78 ;
  MINSTEP 0.4 MAXEDGES 1 ;
  SPACINGTABLE TWOWIDTHS
    WIDTH 0.000        0.400 0.500 0.500
    WIDTH 2.004 PRL 1.504 0.500 0.500 0.500
    WIDTH 4.504 PRL 4.504 0.500 0.500 1.200
    ;
  MINIMUMCUT 2 WIDTH 1.8 FROMBELOW ;
  MINIMUMCUT 2 WIDTH 3.0 FROMBELOW LENGTH 10.0 WITHIN 5.0 ;
  MINIMUMCUT 2 WIDTH 1.8 FROMABOVE ;
  MINIMUMCUT 2 WIDTH 3.0 FROMABOVE LENGTH 10.0 WITHIN 5.0 ;
  ANTENNAMODEL OXIDE1 ;
  ANTENNADIFFAREARATIO PWL (  ( 0.01 55099.84 ) ( 0.05 55499.2 ) ( 0.1 55998.4 ) ( 0.5 59992.0 ) ) ;
  ANTENNACUMAREARATIO 5000.0 ;
  DCCURRENTDENSITY AVERAGE 8.8 ;
MINIMUMDENSITY      20 ;
    MAXIMUMDENSITY      85 ;
    DENSITYCHECKWINDOW 200 200 ;
    DENSITYCHECKSTEP    100 ;

END TM1

LAYER TV2
  TYPE CUT ;
  SPACING 0.34 ;

  PROPERTY LEF58_ARRAYSPACING "ARRAYSPACING  LONGARRAY CUTSPACING 0.5 ARRAYCUTS 3 SPACING 0.56 ;" ;
  ENCLOSURE BELOW 0.02 0.05 ;
  ENCLOSURE ABOVE 0.02 0.05 ;
  ANTENNAMODEL OXIDE1 ;
  ANTENNAAREARATIO 20.0 ;
  ANTENNACUMDIFFAREARATIO PWL (  ( 0.0 50.0 ) ( 0.1 1020.0 ) ( 0.2 1040.0 ) ( 0.5 1100.0 ) ( 1.0 1200.0 ) ) ;
  DCCURRENTDENSITY AVERAGE 3.0 ;
END TV2

LAYER TM2
  TYPE ROUTING ;
  DIRECTION HORIZONTAL ;
  PITCH 0.84 ;
  OFFSET 0.42 ;
  WIDTH 0.4 ;
  MINWIDTH 0.4 ;
  MAXWIDTH 12.0 ;
  AREA 0.56 ;
  MINENCLOSEDAREA 0.78 ;
  MINSTEP 0.4 MAXEDGES 1 ;
  SPACINGTABLE 
    PARALLELRUNLENGTH  0.000 1.504 4.504 
    WIDTH 0.000        0.400 0.400 0.400
    WIDTH 2.004        0.400 0.500 0.500
    WIDTH 4.504        0.400 0.500 1.200
    ;
  MINIMUMCUT 2 WIDTH 1.8 FROMBELOW ;
  MINIMUMCUT 2 WIDTH 3.0 FROMBELOW LENGTH 10.0 WITHIN 5.0 ;
  ANTENNAMODEL OXIDE1 ;
  ANTENNADIFFAREARATIO PWL (  ( 0.01 55099.84 ) ( 0.05 55499.2 ) ( 0.1 55998.4 ) ( 0.5 59992.0 ) ) ;
  ANTENNACUMAREARATIO 5000.0 ;
  DCCURRENTDENSITY AVERAGE 8.8 ;
MINIMUMDENSITY      20 ;
    MAXIMUMDENSITY      85 ;
    DENSITYCHECKWINDOW 200 200 ;
    DENSITYCHECKSTEP    100 ;

END TM2

LAYER PA
  TYPE CUT ;
  SPACING 2.0 ;
  ENCLOSURE  0.5 0.5 ;
  ANTENNAMODEL OXIDE1 ;
  ANTENNADIFFAREARATIO PWL (  ( 0.0 200.0 ) ( 0.1 410.0 ) ( 0.5 450.0 ) ( 1.0 500.0 ) ( 5.0 900.0 ) ) ;
END PA

LAYER ALPA
  TYPE ROUTING ;
  THICKNESS 3.08 ;
  DIRECTION VERTICAL ;
  PITCH 4.62 ;
  OFFSET 2.31 ;
  WIDTH 2.0 ;
  MINWIDTH 2.0 ;
  SPACING 2.0 ;
  ANTENNAMODEL OXIDE1 ;
  ANTENNADIFFSIDEAREARATIO PWL (  ( 0.0 2000.0 ) ( 0.1 30850.0 ) ( 0.2 31700.0 ) ( 0.5 34250.0 ) ( 1.0 38500.0 ) ( 5.0 72500.0 ) ) ;
MINIMUMDENSITY      10 ;
    MAXIMUMDENSITY      70 ;

END ALPA

LAYER OVERLAP
  TYPE OVERLAP ;
END OVERLAP

VIA V1_0_VH DEFAULT
  LAYER M1 ;
    RECT -0.035 -0.065 0.035 0.065 ;
  LAYER M2 ;
    RECT -0.065 -0.035 0.065 0.035 ;
  LAYER V1 ;
    RECT -0.035 -0.035 0.035 0.035 ;
END V1_0_VH

VIA V1_0_HH DEFAULT
  LAYER M1 ;
    RECT -0.065 -0.035 0.065 0.035 ;
  LAYER M2 ;
    RECT -0.065 -0.035 0.065 0.035 ;
  LAYER V1 ;
    RECT -0.035 -0.035 0.035 0.035 ;
END V1_0_HH

VIA V1_0_VV DEFAULT
  LAYER M1 ;
    RECT -0.035 -0.065 0.035 0.065 ;
  LAYER M2 ;
    RECT -0.035 -0.065 0.035 0.065 ;
  LAYER V1 ;
    RECT -0.035 -0.035 0.035 0.035 ;
END V1_0_VV

VIA V1_0_HV DEFAULT
  LAYER M1 ;
    RECT -0.065 -0.035 0.065 0.035 ;
  LAYER M2 ;
    RECT -0.035 -0.065 0.035 0.065 ;
  LAYER V1 ;
    RECT -0.035 -0.035 0.035 0.035 ;
END V1_0_HV

VIA V1_1_VH DEFAULT
  LAYER M1 ;
    RECT -0.035 -0.065 0.035 0.065 ;
  LAYER M2 ;
    RECT -0.055 -0.045 0.055 0.045 ;
  LAYER V1 ;
    RECT -0.035 -0.035 0.035 0.035 ;
END V1_1_VH

VIA V1_1_HH DEFAULT
  LAYER M1 ;
    RECT -0.065 -0.035 0.065 0.035 ;
  LAYER M2 ;
    RECT -0.055 -0.045 0.055 0.045 ;
  LAYER V1 ;
    RECT -0.035 -0.035 0.035 0.035 ;
END V1_1_HH

VIA V1_1_VV DEFAULT
  LAYER M1 ;
    RECT -0.035 -0.065 0.035 0.065 ;
  LAYER M2 ;
    RECT -0.045 -0.055 0.045 0.055 ;
  LAYER V1 ;
    RECT -0.035 -0.035 0.035 0.035 ;
END V1_1_VV

VIA V1_1_HV DEFAULT
  LAYER M1 ;
    RECT -0.065 -0.035 0.065 0.035 ;
  LAYER M2 ;
    RECT -0.045 -0.055 0.045 0.055 ;
  LAYER V1 ;
    RECT -0.035 -0.035 0.035 0.035 ;
END V1_1_HV

VIA V1_2_VX DEFAULT
  LAYER M1 ;
    RECT -0.035 -0.065 0.035 0.065 ;
  LAYER M2 ;
    RECT -0.05 -0.05 0.05 0.05 ;
  LAYER V1 ;
    RECT -0.035 -0.035 0.035 0.035 ;
END V1_2_VX

VIA V1_2_HX DEFAULT
  LAYER M1 ;
    RECT -0.065 -0.035 0.065 0.035 ;
  LAYER M2 ;
    RECT -0.05 -0.05 0.05 0.05 ;
  LAYER V1 ;
    RECT -0.035 -0.035 0.035 0.035 ;
END V1_2_HX

VIA V1_3_VH DEFAULT
  LAYER M1 ;
    RECT -0.045 -0.055 0.045 0.055 ;
  LAYER M2 ;
    RECT -0.065 -0.035 0.065 0.035 ;
  LAYER V1 ;
    RECT -0.035 -0.035 0.035 0.035 ;
END V1_3_VH

VIA V1_3_HH DEFAULT
  LAYER M1 ;
    RECT -0.055 -0.045 0.055 0.045 ;
  LAYER M2 ;
    RECT -0.065 -0.035 0.065 0.035 ;
  LAYER V1 ;
    RECT -0.035 -0.035 0.035 0.035 ;
END V1_3_HH

VIA V1_3_VV DEFAULT
  LAYER M1 ;
    RECT -0.045 -0.055 0.045 0.055 ;
  LAYER M2 ;
    RECT -0.035 -0.065 0.035 0.065 ;
  LAYER V1 ;
    RECT -0.035 -0.035 0.035 0.035 ;
END V1_3_VV

VIA V1_3_HV DEFAULT
  LAYER M1 ;
    RECT -0.055 -0.045 0.055 0.045 ;
  LAYER M2 ;
    RECT -0.035 -0.065 0.035 0.065 ;
  LAYER V1 ;
    RECT -0.035 -0.035 0.035 0.035 ;
END V1_3_HV

VIA V1_4_VH DEFAULT
  LAYER M1 ;
    RECT -0.045 -0.055 0.045 0.055 ;
  LAYER M2 ;
    RECT -0.055 -0.045 0.055 0.045 ;
  LAYER V1 ;
    RECT -0.035 -0.035 0.035 0.035 ;
END V1_4_VH

VIA V1_4_HH DEFAULT
  LAYER M1 ;
    RECT -0.055 -0.045 0.055 0.045 ;
  LAYER M2 ;
    RECT -0.055 -0.045 0.055 0.045 ;
  LAYER V1 ;
    RECT -0.035 -0.035 0.035 0.035 ;
END V1_4_HH

VIA V1_4_VV DEFAULT
  LAYER M1 ;
    RECT -0.045 -0.055 0.045 0.055 ;
  LAYER M2 ;
    RECT -0.045 -0.055 0.045 0.055 ;
  LAYER V1 ;
    RECT -0.035 -0.035 0.035 0.035 ;
END V1_4_VV

VIA V1_4_HV DEFAULT
  LAYER M1 ;
    RECT -0.055 -0.045 0.055 0.045 ;
  LAYER M2 ;
    RECT -0.045 -0.055 0.045 0.055 ;
  LAYER V1 ;
    RECT -0.035 -0.035 0.035 0.035 ;
END V1_4_HV

VIA V1_5_VX DEFAULT
  LAYER M1 ;
    RECT -0.045 -0.055 0.045 0.055 ;
  LAYER M2 ;
    RECT -0.05 -0.05 0.05 0.05 ;
  LAYER V1 ;
    RECT -0.035 -0.035 0.035 0.035 ;
END V1_5_VX

VIA V1_5_HX DEFAULT
  LAYER M1 ;
    RECT -0.055 -0.045 0.055 0.045 ;
  LAYER M2 ;
    RECT -0.05 -0.05 0.05 0.05 ;
  LAYER V1 ;
    RECT -0.035 -0.035 0.035 0.035 ;
END V1_5_HX

VIA V1_6_XH DEFAULT
  LAYER M1 ;
    RECT -0.05 -0.05 0.05 0.05 ;
  LAYER M2 ;
    RECT -0.065 -0.035 0.065 0.035 ;
  LAYER V1 ;
    RECT -0.035 -0.035 0.035 0.035 ;
END V1_6_XH

VIA V1_6_XV DEFAULT
  LAYER M1 ;
    RECT -0.05 -0.05 0.05 0.05 ;
  LAYER M2 ;
    RECT -0.035 -0.065 0.035 0.065 ;
  LAYER V1 ;
    RECT -0.035 -0.035 0.035 0.035 ;
END V1_6_XV

VIA V1_7_XH DEFAULT
  LAYER M1 ;
    RECT -0.05 -0.05 0.05 0.05 ;
  LAYER M2 ;
    RECT -0.055 -0.045 0.055 0.045 ;
  LAYER V1 ;
    RECT -0.035 -0.035 0.035 0.035 ;
END V1_7_XH

VIA V1_7_XV DEFAULT
  LAYER M1 ;
    RECT -0.05 -0.05 0.05 0.05 ;
  LAYER M2 ;
    RECT -0.045 -0.055 0.045 0.055 ;
  LAYER V1 ;
    RECT -0.035 -0.035 0.035 0.035 ;
END V1_7_XV

VIA V1_8_XX DEFAULT
  LAYER M1 ;
    RECT -0.05 -0.05 0.05 0.05 ;
  LAYER M2 ;
    RECT -0.05 -0.05 0.05 0.05 ;
  LAYER V1 ;
    RECT -0.035 -0.035 0.035 0.035 ;
END V1_8_XX

VIA V1_4_X2H_VH DEFAULT
  LAYER M1 ;
    RECT -0.115 -0.055 0.115 0.055 ;
  LAYER M2 ;
    RECT -0.125 -0.045 0.125 0.045 ;
  LAYER V1 ;
    RECT -0.105 -0.035 -0.035 0.035 ;
    RECT 0.035 -0.035 0.105 0.035 ;
END V1_4_X2H_VH

VIA V1_4_X2E_VH DEFAULT
  LAYER M1 ;
    RECT -0.045 -0.055 0.185 0.055 ;
  LAYER M2 ;
    RECT -0.055 -0.045 0.195 0.045 ;
  LAYER V1 ;
    RECT -0.035 -0.035 0.035 0.035 ;
    RECT 0.105 -0.035 0.175 0.035 ;
END V1_4_X2E_VH

VIA V1_4_X2W_VH DEFAULT
  LAYER M1 ;
    RECT -0.185 -0.055 0.045 0.055 ;
  LAYER M2 ;
    RECT -0.195 -0.045 0.055 0.045 ;
  LAYER V1 ;
    RECT -0.035 -0.035 0.035 0.035 ;
    RECT -0.175 -0.035 -0.105 0.035 ;
END V1_4_X2W_VH

VIA V1_4_X2V_VH DEFAULT
  LAYER M1 ;
    RECT -0.045 -0.125 0.045 0.125 ;
  LAYER M2 ;
    RECT -0.055 -0.115 0.055 0.115 ;
  LAYER V1 ;
    RECT -0.035 -0.105 0.035 -0.035 ;
    RECT -0.035 0.035 0.035 0.105 ;
END V1_4_X2V_VH

VIA V1_4_X2N_VH DEFAULT
  LAYER M1 ;
    RECT -0.045 -0.055 0.045 0.195 ;
  LAYER M2 ;
    RECT -0.055 -0.045 0.055 0.185 ;
  LAYER V1 ;
    RECT -0.035 -0.035 0.035 0.035 ;
    RECT -0.035 0.105 0.035 0.175 ;
END V1_4_X2N_VH

VIA V1_4_X2S_VH DEFAULT
  LAYER M1 ;
    RECT -0.045 -0.195 0.045 0.055 ;
  LAYER M2 ;
    RECT -0.055 -0.185 0.055 0.045 ;
  LAYER V1 ;
    RECT -0.035 -0.035 0.035 0.035 ;
    RECT -0.035 -0.175 0.035 -0.105 ;
END V1_4_X2S_VH

VIA V1_4_X3H_VH DEFAULT
  LAYER M1 ;
    RECT -0.185 -0.055 0.185 0.055 ;
  LAYER M2 ;
    RECT -0.195 -0.045 0.195 0.045 ;
  LAYER V1 ;
    RECT -0.175 -0.035 -0.105 0.035 ;
    RECT -0.035 -0.035 0.035 0.035 ;
    RECT 0.105 -0.035 0.175 0.035 ;
END V1_4_X3H_VH

VIA V1_4_X3E_VH DEFAULT
  LAYER M1 ;
    RECT -0.045 -0.055 0.325 0.055 ;
  LAYER M2 ;
    RECT -0.055 -0.045 0.335 0.045 ;
  LAYER V1 ;
    RECT -0.035 -0.035 0.035 0.035 ;
    RECT 0.105 -0.035 0.175 0.035 ;
    RECT 0.245 -0.035 0.315 0.035 ;
END V1_4_X3E_VH

VIA V1_4_X3W_VH DEFAULT
  LAYER M1 ;
    RECT -0.325 -0.055 0.045 0.055 ;
  LAYER M2 ;
    RECT -0.335 -0.045 0.055 0.045 ;
  LAYER V1 ;
    RECT -0.035 -0.035 0.035 0.035 ;
    RECT -0.175 -0.035 -0.105 0.035 ;
    RECT -0.315 -0.035 -0.245 0.035 ;
END V1_4_X3W_VH

VIA V1_4_X3V_VH DEFAULT
  LAYER M1 ;
    RECT -0.045 -0.195 0.045 0.195 ;
  LAYER M2 ;
    RECT -0.055 -0.185 0.055 0.185 ;
  LAYER V1 ;
    RECT -0.035 -0.175 0.035 -0.105 ;
    RECT -0.035 -0.035 0.035 0.035 ;
    RECT -0.035 0.105 0.035 0.175 ;
END V1_4_X3V_VH

VIA V1_4_X3N_VH DEFAULT
  LAYER M1 ;
    RECT -0.045 -0.055 0.045 0.335 ;
  LAYER M2 ;
    RECT -0.055 -0.045 0.055 0.325 ;
  LAYER V1 ;
    RECT -0.035 -0.035 0.035 0.035 ;
    RECT -0.035 0.105 0.035 0.175 ;
    RECT -0.035 0.245 0.035 0.315 ;
END V1_4_X3N_VH

VIA V1_4_X3S_VH DEFAULT
  LAYER M1 ;
    RECT -0.045 -0.335 0.045 0.055 ;
  LAYER M2 ;
    RECT -0.055 -0.325 0.055 0.045 ;
  LAYER V1 ;
    RECT -0.035 -0.035 0.035 0.035 ;
    RECT -0.035 -0.175 0.035 -0.105 ;
    RECT -0.035 -0.315 0.035 -0.245 ;
END V1_4_X3S_VH

VIA V1_4_X4H_VH DEFAULT
  LAYER M1 ;
    RECT -0.115 -0.125 0.115 0.125 ;
  LAYER M2 ;
    RECT -0.125 -0.115 0.125 0.115 ;
  LAYER V1 ;
    RECT -0.105 -0.105 -0.035 -0.035 ;
    RECT 0.035 -0.105 0.105 -0.035 ;
    RECT -0.105 0.035 -0.035 0.105 ;
    RECT 0.035 0.035 0.105 0.105 ;
END V1_4_X4H_VH

VIA V1_4_X4E_VH DEFAULT
  LAYER M1 ;
    RECT -0.045 -0.195 0.185 0.055 ;
  LAYER M2 ;
    RECT -0.055 -0.185 0.195 0.045 ;
  LAYER V1 ;
    RECT -0.035 -0.175 0.035 -0.105 ;
    RECT 0.105 -0.175 0.175 -0.105 ;
    RECT -0.035 -0.035 0.035 0.035 ;
    RECT 0.105 -0.035 0.175 0.035 ;
END V1_4_X4E_VH

VIA V1_4_X4W_VH DEFAULT
  LAYER M1 ;
    RECT -0.185 -0.055 0.045 0.195 ;
  LAYER M2 ;
    RECT -0.195 -0.045 0.055 0.185 ;
  LAYER V1 ;
    RECT -0.175 -0.035 -0.105 0.035 ;
    RECT -0.035 -0.035 0.035 0.035 ;
    RECT -0.175 0.105 -0.105 0.175 ;
    RECT -0.035 0.105 0.035 0.175 ;
END V1_4_X4W_VH

VIA V1_4_X4N_VH DEFAULT
  LAYER M1 ;
    RECT -0.045 -0.055 0.185 0.195 ;
  LAYER M2 ;
    RECT -0.055 -0.045 0.195 0.185 ;
  LAYER V1 ;
    RECT -0.035 -0.035 0.035 0.035 ;
    RECT 0.105 -0.035 0.175 0.035 ;
    RECT -0.035 0.105 0.035 0.175 ;
    RECT 0.105 0.105 0.175 0.175 ;
END V1_4_X4N_VH

VIA V1_4_X4S_VH DEFAULT
  LAYER M1 ;
    RECT -0.185 -0.195 0.045 0.055 ;
  LAYER M2 ;
    RECT -0.195 -0.185 0.055 0.045 ;
  LAYER V1 ;
    RECT -0.175 -0.175 -0.105 -0.105 ;
    RECT -0.035 -0.175 0.035 -0.105 ;
    RECT -0.175 -0.035 -0.105 0.035 ;
    RECT -0.035 -0.035 0.035 0.035 ;
END V1_4_X4S_VH

VIA V1_5_X2H_VX DEFAULT
  LAYER M1 ;
    RECT -0.115 -0.055 0.115 0.055 ;
  LAYER M2 ;
    RECT -0.12 -0.05 0.12 0.05 ;
  LAYER V1 ;
    RECT -0.105 -0.035 -0.035 0.035 ;
    RECT 0.035 -0.035 0.105 0.035 ;
END V1_5_X2H_VX

VIA V1_5_X2E_VX DEFAULT
  LAYER M1 ;
    RECT -0.045 -0.055 0.185 0.055 ;
  LAYER M2 ;
    RECT -0.05 -0.05 0.19 0.05 ;
  LAYER V1 ;
    RECT -0.035 -0.035 0.035 0.035 ;
    RECT 0.105 -0.035 0.175 0.035 ;
END V1_5_X2E_VX

VIA V1_5_X2W_VX DEFAULT
  LAYER M1 ;
    RECT -0.185 -0.055 0.045 0.055 ;
  LAYER M2 ;
    RECT -0.19 -0.05 0.05 0.05 ;
  LAYER V1 ;
    RECT -0.035 -0.035 0.035 0.035 ;
    RECT -0.175 -0.035 -0.105 0.035 ;
END V1_5_X2W_VX

VIA V1_5_X2V_VX DEFAULT
  LAYER M1 ;
    RECT -0.045 -0.125 0.045 0.125 ;
  LAYER M2 ;
    RECT -0.05 -0.12 0.05 0.12 ;
  LAYER V1 ;
    RECT -0.035 -0.105 0.035 -0.035 ;
    RECT -0.035 0.035 0.035 0.105 ;
END V1_5_X2V_VX

VIA V1_5_X2N_VX DEFAULT
  LAYER M1 ;
    RECT -0.045 -0.055 0.045 0.195 ;
  LAYER M2 ;
    RECT -0.05 -0.05 0.05 0.19 ;
  LAYER V1 ;
    RECT -0.035 -0.035 0.035 0.035 ;
    RECT -0.035 0.105 0.035 0.175 ;
END V1_5_X2N_VX

VIA V1_5_X2S_VX DEFAULT
  LAYER M1 ;
    RECT -0.045 -0.195 0.045 0.055 ;
  LAYER M2 ;
    RECT -0.05 -0.19 0.05 0.05 ;
  LAYER V1 ;
    RECT -0.035 -0.035 0.035 0.035 ;
    RECT -0.035 -0.175 0.035 -0.105 ;
END V1_5_X2S_VX

VIA V1_5_X3H_VX DEFAULT
  LAYER M1 ;
    RECT -0.185 -0.055 0.185 0.055 ;
  LAYER M2 ;
    RECT -0.19 -0.05 0.19 0.05 ;
  LAYER V1 ;
    RECT -0.175 -0.035 -0.105 0.035 ;
    RECT -0.035 -0.035 0.035 0.035 ;
    RECT 0.105 -0.035 0.175 0.035 ;
END V1_5_X3H_VX

VIA V1_5_X3E_VX DEFAULT
  LAYER M1 ;
    RECT -0.045 -0.055 0.325 0.055 ;
  LAYER M2 ;
    RECT -0.05 -0.05 0.33 0.05 ;
  LAYER V1 ;
    RECT -0.035 -0.035 0.035 0.035 ;
    RECT 0.105 -0.035 0.175 0.035 ;
    RECT 0.245 -0.035 0.315 0.035 ;
END V1_5_X3E_VX

VIA V1_5_X3W_VX DEFAULT
  LAYER M1 ;
    RECT -0.325 -0.055 0.045 0.055 ;
  LAYER M2 ;
    RECT -0.33 -0.05 0.05 0.05 ;
  LAYER V1 ;
    RECT -0.035 -0.035 0.035 0.035 ;
    RECT -0.175 -0.035 -0.105 0.035 ;
    RECT -0.315 -0.035 -0.245 0.035 ;
END V1_5_X3W_VX

VIA V1_5_X3V_VX DEFAULT
  LAYER M1 ;
    RECT -0.045 -0.195 0.045 0.195 ;
  LAYER M2 ;
    RECT -0.05 -0.19 0.05 0.19 ;
  LAYER V1 ;
    RECT -0.035 -0.175 0.035 -0.105 ;
    RECT -0.035 -0.035 0.035 0.035 ;
    RECT -0.035 0.105 0.035 0.175 ;
END V1_5_X3V_VX

VIA V1_5_X3N_VX DEFAULT
  LAYER M1 ;
    RECT -0.045 -0.055 0.045 0.335 ;
  LAYER M2 ;
    RECT -0.05 -0.05 0.05 0.33 ;
  LAYER V1 ;
    RECT -0.035 -0.035 0.035 0.035 ;
    RECT -0.035 0.105 0.035 0.175 ;
    RECT -0.035 0.245 0.035 0.315 ;
END V1_5_X3N_VX

VIA V1_5_X3S_VX DEFAULT
  LAYER M1 ;
    RECT -0.045 -0.335 0.045 0.055 ;
  LAYER M2 ;
    RECT -0.05 -0.33 0.05 0.05 ;
  LAYER V1 ;
    RECT -0.035 -0.035 0.035 0.035 ;
    RECT -0.035 -0.175 0.035 -0.105 ;
    RECT -0.035 -0.315 0.035 -0.245 ;
END V1_5_X3S_VX

VIA V1_5_X4H_VX DEFAULT
  LAYER M1 ;
    RECT -0.115 -0.125 0.115 0.125 ;
  LAYER M2 ;
    RECT -0.12 -0.12 0.12 0.12 ;
  LAYER V1 ;
    RECT -0.105 -0.105 -0.035 -0.035 ;
    RECT 0.035 -0.105 0.105 -0.035 ;
    RECT -0.105 0.035 -0.035 0.105 ;
    RECT 0.035 0.035 0.105 0.105 ;
END V1_5_X4H_VX

VIA V1_5_X4E_VX DEFAULT
  LAYER M1 ;
    RECT -0.045 -0.195 0.185 0.055 ;
  LAYER M2 ;
    RECT -0.05 -0.19 0.19 0.05 ;
  LAYER V1 ;
    RECT -0.035 -0.175 0.035 -0.105 ;
    RECT 0.105 -0.175 0.175 -0.105 ;
    RECT -0.035 -0.035 0.035 0.035 ;
    RECT 0.105 -0.035 0.175 0.035 ;
END V1_5_X4E_VX

VIA V1_5_X4W_VX DEFAULT
  LAYER M1 ;
    RECT -0.185 -0.055 0.045 0.195 ;
  LAYER M2 ;
    RECT -0.19 -0.05 0.05 0.19 ;
  LAYER V1 ;
    RECT -0.175 -0.035 -0.105 0.035 ;
    RECT -0.035 -0.035 0.035 0.035 ;
    RECT -0.175 0.105 -0.105 0.175 ;
    RECT -0.035 0.105 0.035 0.175 ;
END V1_5_X4W_VX

VIA V1_5_X4N_VX DEFAULT
  LAYER M1 ;
    RECT -0.045 -0.055 0.185 0.195 ;
  LAYER M2 ;
    RECT -0.05 -0.05 0.19 0.19 ;
  LAYER V1 ;
    RECT -0.035 -0.035 0.035 0.035 ;
    RECT 0.105 -0.035 0.175 0.035 ;
    RECT -0.035 0.105 0.035 0.175 ;
    RECT 0.105 0.105 0.175 0.175 ;
END V1_5_X4N_VX

VIA V1_5_X4S_VX DEFAULT
  LAYER M1 ;
    RECT -0.185 -0.195 0.045 0.055 ;
  LAYER M2 ;
    RECT -0.19 -0.19 0.05 0.05 ;
  LAYER V1 ;
    RECT -0.175 -0.175 -0.105 -0.105 ;
    RECT -0.035 -0.175 0.035 -0.105 ;
    RECT -0.175 -0.035 -0.105 0.035 ;
    RECT -0.035 -0.035 0.035 0.035 ;
END V1_5_X4S_VX

VIA V1_7_X2H_XH DEFAULT
  LAYER M1 ;
    RECT -0.12 -0.05 0.12 0.05 ;
  LAYER M2 ;
    RECT -0.125 -0.045 0.125 0.045 ;
  LAYER V1 ;
    RECT -0.105 -0.035 -0.035 0.035 ;
    RECT 0.035 -0.035 0.105 0.035 ;
END V1_7_X2H_XH

VIA V1_7_X2E_XH DEFAULT
  LAYER M1 ;
    RECT -0.05 -0.05 0.19 0.05 ;
  LAYER M2 ;
    RECT -0.055 -0.045 0.195 0.045 ;
  LAYER V1 ;
    RECT -0.035 -0.035 0.035 0.035 ;
    RECT 0.105 -0.035 0.175 0.035 ;
END V1_7_X2E_XH

VIA V1_7_X2W_XH DEFAULT
  LAYER M1 ;
    RECT -0.19 -0.05 0.05 0.05 ;
  LAYER M2 ;
    RECT -0.195 -0.045 0.055 0.045 ;
  LAYER V1 ;
    RECT -0.035 -0.035 0.035 0.035 ;
    RECT -0.175 -0.035 -0.105 0.035 ;
END V1_7_X2W_XH

VIA V1_7_X2V_XH DEFAULT
  LAYER M1 ;
    RECT -0.05 -0.12 0.05 0.12 ;
  LAYER M2 ;
    RECT -0.055 -0.115 0.055 0.115 ;
  LAYER V1 ;
    RECT -0.035 -0.105 0.035 -0.035 ;
    RECT -0.035 0.035 0.035 0.105 ;
END V1_7_X2V_XH

VIA V1_7_X2N_XH DEFAULT
  LAYER M1 ;
    RECT -0.05 -0.05 0.05 0.19 ;
  LAYER M2 ;
    RECT -0.055 -0.045 0.055 0.185 ;
  LAYER V1 ;
    RECT -0.035 -0.035 0.035 0.035 ;
    RECT -0.035 0.105 0.035 0.175 ;
END V1_7_X2N_XH

VIA V1_7_X2S_XH
  LAYER M1 ;
    RECT -0.05 -0.19 0.05 0.05 ;
  LAYER M2 ;
    RECT -0.055 -0.185 0.055 0.045 ;
  LAYER V1 ;
    RECT -0.035 -0.035 0.035 0.035 ;
    RECT -0.035 -0.175 0.035 -0.105 ;
END V1_7_X2S_XH

VIA V1_7_X3H_XH
  LAYER M1 ;
    RECT -0.19 -0.05 0.19 0.05 ;
  LAYER M2 ;
    RECT -0.195 -0.045 0.195 0.045 ;
  LAYER V1 ;
    RECT -0.175 -0.035 -0.105 0.035 ;
    RECT -0.035 -0.035 0.035 0.035 ;
    RECT 0.105 -0.035 0.175 0.035 ;
END V1_7_X3H_XH

VIA V1_7_X3E_XH
  LAYER M1 ;
    RECT -0.05 -0.05 0.33 0.05 ;
  LAYER M2 ;
    RECT -0.055 -0.045 0.335 0.045 ;
  LAYER V1 ;
    RECT -0.035 -0.035 0.035 0.035 ;
    RECT 0.105 -0.035 0.175 0.035 ;
    RECT 0.245 -0.035 0.315 0.035 ;
END V1_7_X3E_XH

VIA V1_7_X3W_XH
  LAYER M1 ;
    RECT -0.33 -0.05 0.05 0.05 ;
  LAYER M2 ;
    RECT -0.335 -0.045 0.055 0.045 ;
  LAYER V1 ;
    RECT -0.035 -0.035 0.035 0.035 ;
    RECT -0.175 -0.035 -0.105 0.035 ;
    RECT -0.315 -0.035 -0.245 0.035 ;
END V1_7_X3W_XH

VIA V1_7_X3V_XH
  LAYER M1 ;
    RECT -0.05 -0.19 0.05 0.19 ;
  LAYER M2 ;
    RECT -0.055 -0.185 0.055 0.185 ;
  LAYER V1 ;
    RECT -0.035 -0.175 0.035 -0.105 ;
    RECT -0.035 -0.035 0.035 0.035 ;
    RECT -0.035 0.105 0.035 0.175 ;
END V1_7_X3V_XH

VIA V1_7_X3N_XH
  LAYER M1 ;
    RECT -0.05 -0.05 0.05 0.33 ;
  LAYER M2 ;
    RECT -0.055 -0.045 0.055 0.325 ;
  LAYER V1 ;
    RECT -0.035 -0.035 0.035 0.035 ;
    RECT -0.035 0.105 0.035 0.175 ;
    RECT -0.035 0.245 0.035 0.315 ;
END V1_7_X3N_XH

VIA V1_7_X3S_XH
  LAYER M1 ;
    RECT -0.05 -0.33 0.05 0.05 ;
  LAYER M2 ;
    RECT -0.055 -0.325 0.055 0.045 ;
  LAYER V1 ;
    RECT -0.035 -0.035 0.035 0.035 ;
    RECT -0.035 -0.175 0.035 -0.105 ;
    RECT -0.035 -0.315 0.035 -0.245 ;
END V1_7_X3S_XH

VIA V1_7_X4H_XH
  LAYER M1 ;
    RECT -0.12 -0.12 0.12 0.12 ;
  LAYER M2 ;
    RECT -0.125 -0.115 0.125 0.115 ;
  LAYER V1 ;
    RECT -0.105 -0.105 -0.035 -0.035 ;
    RECT 0.035 -0.105 0.105 -0.035 ;
    RECT -0.105 0.035 -0.035 0.105 ;
    RECT 0.035 0.035 0.105 0.105 ;
END V1_7_X4H_XH

VIA V1_7_X4E_XH
  LAYER M1 ;
    RECT -0.05 -0.19 0.19 0.05 ;
  LAYER M2 ;
    RECT -0.055 -0.185 0.195 0.045 ;
  LAYER V1 ;
    RECT -0.035 -0.175 0.035 -0.105 ;
    RECT 0.105 -0.175 0.175 -0.105 ;
    RECT -0.035 -0.035 0.035 0.035 ;
    RECT 0.105 -0.035 0.175 0.035 ;
END V1_7_X4E_XH

VIA V1_7_X4W_XH
  LAYER M1 ;
    RECT -0.19 -0.05 0.05 0.19 ;
  LAYER M2 ;
    RECT -0.195 -0.045 0.055 0.185 ;
  LAYER V1 ;
    RECT -0.175 -0.035 -0.105 0.035 ;
    RECT -0.035 -0.035 0.035 0.035 ;
    RECT -0.175 0.105 -0.105 0.175 ;
    RECT -0.035 0.105 0.035 0.175 ;
END V1_7_X4W_XH

VIA V1_7_X4N_XH
  LAYER M1 ;
    RECT -0.05 -0.05 0.19 0.19 ;
  LAYER M2 ;
    RECT -0.055 -0.045 0.195 0.185 ;
  LAYER V1 ;
    RECT -0.035 -0.035 0.035 0.035 ;
    RECT 0.105 -0.035 0.175 0.035 ;
    RECT -0.035 0.105 0.035 0.175 ;
    RECT 0.105 0.105 0.175 0.175 ;
END V1_7_X4N_XH

VIA V1_7_X4S_XH
  LAYER M1 ;
    RECT -0.19 -0.19 0.05 0.05 ;
  LAYER M2 ;
    RECT -0.195 -0.185 0.055 0.045 ;
  LAYER V1 ;
    RECT -0.175 -0.175 -0.105 -0.105 ;
    RECT -0.035 -0.175 0.035 -0.105 ;
    RECT -0.175 -0.035 -0.105 0.035 ;
    RECT -0.035 -0.035 0.035 0.035 ;
END V1_7_X4S_XH

VIA V1_8_X2H_XX
  LAYER M1 ;
    RECT -0.12 -0.05 0.12 0.05 ;
  LAYER M2 ;
    RECT -0.12 -0.05 0.12 0.05 ;
  LAYER V1 ;
    RECT -0.105 -0.035 -0.035 0.035 ;
    RECT 0.035 -0.035 0.105 0.035 ;
END V1_8_X2H_XX

VIA V1_8_X2E_XX
  LAYER M1 ;
    RECT -0.05 -0.05 0.19 0.05 ;
  LAYER M2 ;
    RECT -0.05 -0.05 0.19 0.05 ;
  LAYER V1 ;
    RECT -0.035 -0.035 0.035 0.035 ;
    RECT 0.105 -0.035 0.175 0.035 ;
END V1_8_X2E_XX

VIA V1_8_X2W_XX
  LAYER M1 ;
    RECT -0.19 -0.05 0.05 0.05 ;
  LAYER M2 ;
    RECT -0.19 -0.05 0.05 0.05 ;
  LAYER V1 ;
    RECT -0.035 -0.035 0.035 0.035 ;
    RECT -0.175 -0.035 -0.105 0.035 ;
END V1_8_X2W_XX

VIA V1_8_X2V_XX
  LAYER M1 ;
    RECT -0.05 -0.12 0.05 0.12 ;
  LAYER M2 ;
    RECT -0.05 -0.12 0.05 0.12 ;
  LAYER V1 ;
    RECT -0.035 -0.105 0.035 -0.035 ;
    RECT -0.035 0.035 0.035 0.105 ;
END V1_8_X2V_XX

VIA V1_8_X2N_XX
  LAYER M1 ;
    RECT -0.05 -0.05 0.05 0.19 ;
  LAYER M2 ;
    RECT -0.05 -0.05 0.05 0.19 ;
  LAYER V1 ;
    RECT -0.035 -0.035 0.035 0.035 ;
    RECT -0.035 0.105 0.035 0.175 ;
END V1_8_X2N_XX

VIA V1_8_X2S_XX
  LAYER M1 ;
    RECT -0.05 -0.19 0.05 0.05 ;
  LAYER M2 ;
    RECT -0.05 -0.19 0.05 0.05 ;
  LAYER V1 ;
    RECT -0.035 -0.035 0.035 0.035 ;
    RECT -0.035 -0.175 0.035 -0.105 ;
END V1_8_X2S_XX

VIA V1_8_X3H_XX
  LAYER M1 ;
    RECT -0.19 -0.05 0.19 0.05 ;
  LAYER M2 ;
    RECT -0.19 -0.05 0.19 0.05 ;
  LAYER V1 ;
    RECT -0.175 -0.035 -0.105 0.035 ;
    RECT -0.035 -0.035 0.035 0.035 ;
    RECT 0.105 -0.035 0.175 0.035 ;
END V1_8_X3H_XX

VIA V1_8_X3E_XX
  LAYER M1 ;
    RECT -0.05 -0.05 0.33 0.05 ;
  LAYER M2 ;
    RECT -0.05 -0.05 0.33 0.05 ;
  LAYER V1 ;
    RECT -0.035 -0.035 0.035 0.035 ;
    RECT 0.105 -0.035 0.175 0.035 ;
    RECT 0.245 -0.035 0.315 0.035 ;
END V1_8_X3E_XX

VIA V1_8_X3W_XX
  LAYER M1 ;
    RECT -0.33 -0.05 0.05 0.05 ;
  LAYER M2 ;
    RECT -0.33 -0.05 0.05 0.05 ;
  LAYER V1 ;
    RECT -0.035 -0.035 0.035 0.035 ;
    RECT -0.175 -0.035 -0.105 0.035 ;
    RECT -0.315 -0.035 -0.245 0.035 ;
END V1_8_X3W_XX

VIA V1_8_X3V_XX
  LAYER M1 ;
    RECT -0.05 -0.19 0.05 0.19 ;
  LAYER M2 ;
    RECT -0.05 -0.19 0.05 0.19 ;
  LAYER V1 ;
    RECT -0.035 -0.175 0.035 -0.105 ;
    RECT -0.035 -0.035 0.035 0.035 ;
    RECT -0.035 0.105 0.035 0.175 ;
END V1_8_X3V_XX

VIA V1_8_X3N_XX
  LAYER M1 ;
    RECT -0.05 -0.05 0.05 0.33 ;
  LAYER M2 ;
    RECT -0.05 -0.05 0.05 0.33 ;
  LAYER V1 ;
    RECT -0.035 -0.035 0.035 0.035 ;
    RECT -0.035 0.105 0.035 0.175 ;
    RECT -0.035 0.245 0.035 0.315 ;
END V1_8_X3N_XX

VIA V1_8_X3S_XX
  LAYER M1 ;
    RECT -0.05 -0.33 0.05 0.05 ;
  LAYER M2 ;
    RECT -0.05 -0.33 0.05 0.05 ;
  LAYER V1 ;
    RECT -0.035 -0.035 0.035 0.035 ;
    RECT -0.035 -0.175 0.035 -0.105 ;
    RECT -0.035 -0.315 0.035 -0.245 ;
END V1_8_X3S_XX

VIA V1_8_X4H_XX
  LAYER M1 ;
    RECT -0.12 -0.12 0.12 0.12 ;
  LAYER M2 ;
    RECT -0.12 -0.12 0.12 0.12 ;
  LAYER V1 ;
    RECT -0.105 -0.105 -0.035 -0.035 ;
    RECT 0.035 -0.105 0.105 -0.035 ;
    RECT -0.105 0.035 -0.035 0.105 ;
    RECT 0.035 0.035 0.105 0.105 ;
END V1_8_X4H_XX

VIA V1_8_X4E_XX
  LAYER M1 ;
    RECT -0.05 -0.19 0.19 0.05 ;
  LAYER M2 ;
    RECT -0.05 -0.19 0.19 0.05 ;
  LAYER V1 ;
    RECT -0.035 -0.175 0.035 -0.105 ;
    RECT 0.105 -0.175 0.175 -0.105 ;
    RECT -0.035 -0.035 0.035 0.035 ;
    RECT 0.105 -0.035 0.175 0.035 ;
END V1_8_X4E_XX

VIA V1_8_X4W_XX
  LAYER M1 ;
    RECT -0.19 -0.05 0.05 0.19 ;
  LAYER M2 ;
    RECT -0.19 -0.05 0.05 0.19 ;
  LAYER V1 ;
    RECT -0.175 -0.035 -0.105 0.035 ;
    RECT -0.035 -0.035 0.035 0.035 ;
    RECT -0.175 0.105 -0.105 0.175 ;
    RECT -0.035 0.105 0.035 0.175 ;
END V1_8_X4W_XX

VIA V1_8_X4N_XX
  LAYER M1 ;
    RECT -0.05 -0.05 0.19 0.19 ;
  LAYER M2 ;
    RECT -0.05 -0.05 0.19 0.19 ;
  LAYER V1 ;
    RECT -0.035 -0.035 0.035 0.035 ;
    RECT 0.105 -0.035 0.175 0.035 ;
    RECT -0.035 0.105 0.035 0.175 ;
    RECT 0.105 0.105 0.175 0.175 ;
END V1_8_X4N_XX

VIA V1_8_X4S_XX
  LAYER M1 ;
    RECT -0.19 -0.19 0.05 0.05 ;
  LAYER M2 ;
    RECT -0.19 -0.19 0.05 0.05 ;
  LAYER V1 ;
    RECT -0.175 -0.175 -0.105 -0.105 ;
    RECT -0.035 -0.175 0.035 -0.105 ;
    RECT -0.175 -0.035 -0.105 0.035 ;
    RECT -0.035 -0.035 0.035 0.035 ;
END V1_8_X4S_XX

VIA V2_0_HV DEFAULT
  LAYER M2 ;
    RECT -0.065 -0.035 0.065 0.035 ;
  LAYER M3 ;
    RECT -0.035 -0.065 0.035 0.065 ;
  LAYER V2 ;
    RECT -0.035 -0.035 0.035 0.035 ;
END V2_0_HV

VIA V2_0_HV_S1 DEFAULT
  LAYER M2 ;
    RECT -0.065 -0.035 0.215 0.035 ;
  LAYER M3 ;
    RECT -0.035 -0.065 0.035 0.065 ;
  LAYER V2 ;
    RECT -0.035 -0.035 0.035 0.035 ;
END V2_0_HV_S1

VIA V2_0_HV_S2 DEFAULT
  LAYER M2 ;
    RECT -0.215 -0.035 0.065 0.035 ;
  LAYER M3 ;
    RECT -0.035 -0.065 0.035 0.065 ;
  LAYER V2 ;
    RECT -0.035 -0.035 0.035 0.035 ;
END V2_0_HV_S2

VIA V2_0_VV DEFAULT
  LAYER M2 ;
    RECT -0.035 -0.065 0.035 0.065 ;
  LAYER M3 ;
    RECT -0.035 -0.065 0.035 0.065 ;
  LAYER V2 ;
